 3.7327131e-01
 1.5928456e+00
 1.9736496e+00
-2.3240282e+00
 6.9227109e-02
 8.5212968e-01
 1.6507602e+00
 1.5919985e+00
-2.2565867e-01
-3.5670531e+00
 1.5699342e-01
 6.5924117e+00
 1.2915386e+00
-5.7568251e-01
 8.3025973e-01
-3.6730857e+00
 1.1223480e+00
-1.7162831e-01
-1.6262014e+00
 2.3190105e+00
 2.0453682e+00
-2.1901619e+00
-1.8386588e+00
 7.3054838e-01
 2.7906357e+00
 9.1697312e-01
-8.4960433e-01
-5.4693090e+00
 1.8219497e+00
-2.6897053e+00
-1.4660064e+00
 1.2507614e+00
-2.7519518e+00
-9.0187768e-01
 8.8675691e-01
 6.6471632e-02
 7.6348923e-01
-1.0316508e+00
-8.5147460e-01
-6.0987404e-01
-2.7135243e+00
 1.6994846e+00
 6.0746489e-01
-1.6941129e+00
-1.1421169e-01
-1.1717499e+00
-6.4325855e-01
-7.9097009e-01
-3.2288366e+00
-1.4054622e-01
 7.0577517e-01
-2.6599258e+00
-3.6415150e+00
-2.8374178e+00
-1.8563698e+00
-3.0483069e+00
-3.2698262e+00
-2.5488715e+00
 7.0914637e-01
 3.4741855e+00
-9.2326465e-01
-1.3830234e+00
-1.7320947e+00
 8.2104749e-01
-3.5640687e-01
-1.2003764e+00
-5.5050048e-01
-4.0771704e+00
 2.6404571e+00
 1.5218524e-01
 1.3942812e+00
 1.1330363e+00
 7.2932648e-01
 5.8409803e-01
-3.8037905e+00
 2.7506736e-01
 1.3568984e+00
-2.3266513e+00
-1.3590298e+00
 1.5762266e+00
-7.0441897e-01
-2.0926135e-01
 2.7945788e+00
-2.2244073e-01
-3.7905264e-01
 5.8671724e-01
 4.6231972e+00
-7.3234794e-01
-2.2863227e+00
 3.0396804e+00
-1.0245377e+00
-2.9967282e+00
 4.3821908e-01
-3.3255325e+00
-1.6049137e+00
-6.9130945e-01
 1.2279488e+00
 4.9556610e+00
-2.8823331e-01
-1.5007026e+00
 4.4817791e+00
-7.3610460e-01
-1.8526592e+00
 1.0838286e+00
-2.0974872e+00
-6.5869552e-01
 2.8398420e+00
-3.2467559e-01
-1.8060303e+00
 3.6043808e+00
-2.0674414e-01
-4.4257045e-01
-2.9776213e+00
-1.2059120e+00
 9.4916547e-01
 1.5163974e+00
-5.7743885e-01
 1.7143453e+00
 8.0381569e-01
 5.6847572e-01
 2.1569195e+00
-7.3698149e-01
-3.1829682e+00
-2.5256116e+00
 2.2209575e+00
 2.4840791e+00
-2.2318933e+00
-1.6784075e+00
 2.8251927e+00
-7.4266141e-01
 6.9921253e-01
-2.7114648e+00
 2.4823176e+00
 8.6947970e-01
 3.2569693e+00
 3.8793296e+00
 8.9652403e-01
 8.8527143e-01
 2.1247639e+00
-1.8775088e+00
 1.3111452e+00
 1.8503257e+00
 2.2084975e+00
-8.7892871e-01
 2.9547182e+00
-1.2316818e+00
-1.8856893e+00
-2.4216533e+00
 3.0159972e-01
 3.6067693e-01
-1.8251755e-01
 9.2445238e-02
-1.1806554e+00
-3.2355575e+00
-3.0185985e-01
 6.5877964e-01
-5.4725824e-01
-1.1461378e+00
 1.1169427e+00
 1.8604466e-01
 1.5119615e+00
-5.9033510e-01
-1.8665760e+00
 1.6112229e+00
-1.7608557e+00
 1.8342720e-01
 2.4984395e-01
-7.8826061e-01
-1.3418906e+00
-2.3245349e-01
-2.1782378e+00
 5.4948446e-01
-1.3445207e+00
-5.4185629e-01
-4.3411244e-01
-6.5801438e-01
-4.6375688e+00
-1.5412740e+00
 3.2620314e+00
-3.0472904e+00
-2.7678759e-01
 1.5727565e+00
 9.5435567e-01
 8.5290033e-01
 2.5112394e+00
 2.2701842e+00
 1.8989859e+00
-1.6278475e+00
-1.5997378e-02
-1.4564480e+00
-2.0676552e-01
 3.6953030e-01
-8.1355905e-01
-3.5977102e-01
 3.8076753e+00
-2.9121184e+00
 1.4825469e+00
 1.7664596e+00
-3.7837619e-01
 5.4601623e-01
-1.1540377e+00
 1.4608171e+00
 1.1858710e-01
-3.7142746e+00
 3.6068002e+00
-8.2091109e-01
 1.6594000e+00
-8.2303768e-01
-1.0419170e+00
 1.4585334e+00
-1.0451139e+00
-4.3599981e-01
-1.7480945e+00
-1.4055153e+00
 1.1193347e+00
 2.9663382e+00
 7.6543801e-01
 1.8639246e+00
 9.7567944e-02
 2.5509437e+00
 5.9142469e-01
-1.8915006e+00
 4.5739228e-02
 7.1805645e-01
-6.8752305e-03
-5.9594916e-01
-1.7462684e+00
 2.9424025e+00
 1.0880054e+00
-7.6324357e-01
-6.2435093e-01
-4.3089579e-03
 3.3643589e+00
-3.4340587e+00
-1.3268562e+00
-1.0115284e+00
 1.0414818e+00
-9.8283228e-01
-6.0026183e-01
-3.2330040e+00
 1.7473658e-01
 1.6289795e+00
-1.2652495e-01
 1.6310988e+00
 2.3055654e+00
-3.9026369e-01
 1.7703913e-01
 1.2270304e+00
 1.6283535e+00
-5.5498330e-01
 4.7296108e-01
 3.9878388e+00
-1.5902084e+00
-3.3358539e+00
 2.1030589e+00
 1.1525438e+00
 1.2334860e+00
 8.5787046e-01
 8.2280840e-01
-1.1448616e+00
 9.6195236e-01
-2.7033459e-01
 4.1363797e-01
-1.0796358e-01
 9.0153665e-01
 2.3078617e+00
 1.1970727e+00
 1.4926999e+00
 3.1466919e+00
 2.8953314e+00
-1.0168826e+00
 1.0434369e+00
-1.2312468e+00
 2.2467551e+00
 5.3951469e-01
 1.7388587e+00
 1.1722975e+00
-2.6818235e+00
-1.5507624e-01
-3.2940269e+00
-1.6763355e+00
-3.2004441e+00
-1.0035968e+00
 2.6441326e+00
-1.3048688e+00
 5.5440885e-01
-1.6800226e+00
 4.8739937e-01
 4.3477830e-01
-3.3180860e+00
-1.0307221e+00
-1.1340332e+00
 2.4178856e+00
 6.6891453e-01
-9.8706857e-01
-1.8389499e+00
-3.6106053e+00
-7.3232903e-01
 1.0679449e+00
 1.1354274e+00
-1.7048275e+00
-8.3717299e-01
 2.6290032e+00
-1.0661071e+00
-5.2907734e-01
 6.4768198e-01
-4.3421856e+00
 5.6079570e-01
 9.5280849e-01
 2.1565116e+00
 2.3385640e+00
-1.2872747e-01
 2.3337807e-01
-1.6755631e+00
 3.5767377e+00
-5.9532326e-01
-1.8408828e+00
-7.0695632e+00
-1.0947625e+00
-5.8375578e-02
 1.4043578e+00
 5.7420801e-01
-5.9789848e+00
-4.1396165e-02
-1.6794859e+00
-9.9571916e-01
-3.8148279e-01
 2.0460007e+00
-1.6785813e+00
-4.3937465e-01
 1.5475989e+00
 6.1740912e-01
-1.5892597e+00
-1.6263646e+00
-1.4311068e+00
 1.2035301e+00
-1.6970710e+00
 1.7350949e-01
 1.8102057e+00
-1.7977675e+00
-8.1922156e-01
-2.1318453e+00
 3.4786062e+00
 1.1947494e+00
-7.1655203e-02
 1.2071149e+00
 1.4375917e-01
 1.0653004e+00
-1.0026397e+00
 2.4111048e+00
 2.7720192e-01
 6.7603494e-01
-2.8529638e+00
 8.2883972e-01
-2.8306459e+00
-1.6639733e-02
-3.6518527e+00
-2.3711710e-01
 2.9618991e+00
 3.7093612e-01
-1.0451000e-01
-1.2627203e+00
-8.2147487e-01
 9.7866050e-01
 1.2759551e+00
 9.7394884e-01
-2.5155045e+00
 1.4621621e+00
 3.1438505e+00
 1.4055785e+00
 3.1677369e-01
-4.3516127e+00
-7.3889156e-01
-1.3668603e+00
-5.8910664e-01
-1.2636030e+00
-5.1214828e+00
 4.8968854e+00
-2.0928053e+00
-3.1413701e+00
-3.1830224e+00
-1.9339555e+00
-2.0929188e+00
 3.0580202e+00
 1.2214689e+00
-9.7789377e-02
-3.7651781e-01
-1.3613960e+00
 6.9724118e-01
 1.5987706e+00
-3.0584244e+00
-5.5949252e+00
-3.5643731e+00
-2.7756589e+00
-1.0535679e+00
 1.5112085e+00
 2.3504900e-01
 4.9108392e-01
-2.9870520e+00
 4.1662566e-01
 4.9542086e-01
-1.1703903e+00
-1.0715105e+00
-2.5968183e-01
-1.8001935e-01
-2.0258808e+00
-8.0913235e-01
 5.0969740e+00
 1.1712130e+00
 3.2552546e-01
-1.7590392e+00
-5.5143635e+00
-7.9173268e-01
-7.0385026e+00
 9.3534618e-02
 1.1919022e-01
 9.1449444e-01
-7.7350642e-01
 9.8615689e-01
 1.3781373e+00
 2.5799853e+00
 2.8041154e-01
-1.7035238e+00
 4.8241320e-01
-2.2064503e+00
-1.0268608e+00
 1.1541786e-01
-3.2399608e-02
-2.4930151e+00
 2.2643664e+00
-1.5223306e+00
-8.2540258e-01
 3.8918395e-01
 1.4867035e+00
-1.5404449e+00
 7.8496675e-01
 1.5637823e+00
 4.6905957e+00
 8.0652699e-01
 2.6563254e+00
 7.1862288e-01
-1.5575776e+00
 5.4484807e-01
-1.7971616e+00
-1.5822174e-01
-3.2075447e+00
 3.2435783e+00
 5.8086321e-01
 2.2636940e+00
-2.6725254e+00
-2.6862332e+00
-2.1037800e-01
-9.4057210e-01
 1.1263263e-01
-1.8869772e+00
 5.1158635e+00
 2.5142119e+00
-1.3125461e+00
 3.9863236e+00
-9.9374182e-01
 3.2839966e+00
-2.5304580e-01
-1.5182634e+00
 1.4626924e+00
 2.1314055e+00
-1.1300683e+00
-3.6238987e-01
 4.1035381e+00
 1.0540292e+00
 3.6262231e+00
-5.1173851e+00
 2.6482662e+00
-5.0021223e-01
 2.8611731e-01
 1.6256415e+00
-9.4393520e-01
 2.2287866e-01
 2.2516031e+00
 2.3241268e-01
 7.0610594e-01
 1.8888263e+00
 7.4464067e-02
-1.7699535e+00
 3.3731373e-01
-1.0919459e+00
 4.1538875e+00
-3.7940480e+00
-2.7523006e+00
 1.6330162e+00
-3.0525418e+00
 5.3673350e+00
-2.9250839e+00
-6.2961222e-01
 2.5306531e+00
 2.8526646e+00
 3.0840182e-01
-9.0907224e-01
 2.2282286e+00
-1.5647502e+00
 1.5790362e+00
-2.3738274e+00
-1.1214999e+00
-2.2200920e+00
 4.5252371e+00
 2.1886780e-01
-1.9732469e+00
 1.0965745e-01
-3.6043279e+00
 2.1114376e+00
-2.2714637e+00
 1.3641615e+00
 1.4058016e+00
-1.2680709e+00
 1.8995123e+00
-2.3874155e+00
 1.3041321e+00
-1.8269636e+00
-2.3721986e+00
 4.3853251e+00
 1.4308136e+00
 9.3162498e-01
-2.6659081e+00
 2.7119630e+00
 3.5636284e+00
-2.5172967e+00
-2.9291628e+00
-1.5348641e+00
 2.5648090e+00
-3.5209520e+00
 8.7608908e-01
-1.2814548e+00
 1.2251731e+00
-4.4305859e+00
-1.0972451e+00
 5.7128006e-01
-2.7179840e+00
-6.1141292e-01
-2.6708915e-01
-4.0052468e+00
-1.7579565e-01
-1.4334497e-01
 2.2065143e+00
 2.0135764e+00
 1.0671182e+00
 3.9818657e+00
-3.0812654e+00
 1.4896766e+00
-2.1548063e+00
-1.2930311e+00
 3.1958405e+00
 7.0450228e-02
 1.2858382e-01
 9.2728931e-02
-1.1626688e+00
 2.7910921e+00
-4.2102442e-01
-8.6635328e-01
 8.3291646e-01
-1.0707615e+00
 1.7129987e+00
-1.2695734e+00
 2.7771775e+00
 1.7034612e+00
 1.7087779e+00
-3.8996117e+00
 2.2356548e-01
-2.1799280e+00
-9.1769504e-01
-3.2629446e+00
 5.4331580e+00
-7.9376155e-02
 7.5888040e-01
 2.5388988e+00
-6.2447707e-01
-1.6254448e+00
 3.0709540e-01
 1.5279333e-01
 4.2131154e+00
-6.6521100e-01
-8.7616031e-01
 3.8175062e-01
 2.0083846e+00
 6.7482190e-01
-1.3599535e+00
-1.4280535e+00
-3.1175544e+00
 3.8451291e-01
-3.9348547e-01
-1.3133188e+00
 1.5057391e+00
 1.4083626e+00
 4.7142469e-01
-1.5665307e+00
 5.0409239e-01
-2.4379668e-01
-5.0395936e+00
 2.0131943e+00
 1.1426710e+00
 2.2712991e+00
-1.6424881e+00
-1.8597896e+00
 7.2111711e-01
-4.6497413e+00
 6.9495480e-01
 1.0249409e+00
-1.1470767e+00
-3.8447346e-02
 1.8693449e-01
-6.5812532e-01
-2.0508316e+00
-4.1128454e-01
-4.9320296e+00
 1.1933850e+00
 3.9990101e-01
-6.1266367e-01
 1.1922074e+00
 2.0582637e+00
-2.4629498e-02
-1.9824652e+00
-6.1546642e-01
-1.5042633e+00
 1.3841286e+00
-1.7467299e+00
-1.4874949e+00
 6.0483436e-01
-3.3368207e-01
 9.9806632e-01
-3.1284092e-01
-4.4185608e-01
-3.4235801e-01
 6.3525676e-01
-2.2650930e-01
-2.7213081e+00
 3.5235262e-01
 3.0020858e+00
 1.0214614e+00
 3.7274122e+00
 4.0230915e-01
 6.1161804e-01
-1.8621056e+00
 1.9151672e+00
-2.7978267e+00
 1.0447773e+00
-4.7291637e-01
 2.2500404e+00
 1.0470777e+00
-1.1234145e+00
 2.7760351e+00
-2.2361552e+00
-9.1596604e-01
-1.5796796e-01
 1.8167291e+00
 2.2850240e+00
 1.9633534e+00
-4.7438854e-01
 5.2044994e-01
-9.2883613e-01
-2.9986907e+00
-2.6427949e+00
 7.7896878e-01
-1.3539445e-01
 3.2479580e+00
-2.2770330e+00
-3.9373101e-01
 1.2703244e+00
 2.7034137e-01
-2.7448120e+00
 8.3082995e-02
 5.1061527e+00
 2.1198881e+00
 1.1108773e-01
 4.9325318e-01
-6.8660670e-01
 1.6683849e+00
-8.6487132e-01
 1.8163586e+00
-4.5355502e+00
 9.7296807e-01
 3.9421687e+00
-2.9265614e+00
 2.6567921e+00
 3.8997418e-01
-1.9189940e+00
 3.8739752e+00
-2.6121030e+00
 6.6536750e-01
 3.2943028e+00
-6.8006445e-03
-1.8436708e-02
-2.3832884e+00
 4.7564795e-01
 8.7277847e-01
-1.7862910e+00
-1.0279991e-01
-2.3787413e+00
-1.0315923e+00
-4.6280408e+00
-1.0255932e-01
 3.2502581e+00
-9.7924475e-01
 2.5286371e+00
-4.3606857e+00
-2.8115702e+00
 1.5254195e-01
-2.1255220e+00
 4.2813392e+00
-8.8998028e-01
 2.4069340e+00
-2.5996683e-01
-3.1676151e+00
-2.0861636e-02
 7.5327280e-01
 1.8202357e+00
-2.9524766e+00
 1.7244942e+00
 1.5185998e-01
 1.7548933e+00
 1.8884988e+00
-1.9295322e-01
 3.2615957e-01
 1.8934672e+00
-1.2927986e+00
-4.3550827e-01
 8.3698310e-01
-3.3433388e+00
 2.2687207e+00
-1.8090304e+00
-1.0983454e-01
 1.8864188e+00
 9.7694655e-01
-1.0332728e+00
 2.7246962e+00
 5.9345255e-01
 2.8343111e+00
 2.9446624e-02
 2.7083960e-01
-5.6209314e-01
 2.2128796e+00
 9.2380152e-01
 2.8031570e+00
 1.7664081e+00
-1.0011663e+00
 9.8476577e-01
 1.5588506e-01
-1.6065442e+00
-5.9383378e-01
-1.7629847e-01
 4.0065782e+00
 2.8196379e+00
-2.7120800e+00
 5.5718873e-01
-1.3269522e+00
-1.4074171e+00
 4.7489335e-01
-1.3047802e-01
 7.3366618e-01
 1.5517342e+00
 1.4065998e+00
 7.3528832e-01
-1.9297357e+00
 2.3613450e+00
 1.0411819e+00
-3.7256282e+00
 2.7177613e-01
-8.3673631e-01
 1.4078234e+00
 1.1522346e+00
-3.9848618e-01
 5.9189914e+00
 2.7595350e+00
-1.6520231e+00
 2.5335545e+00
 9.8060723e-01
-1.3676412e-01
-1.5302028e+00
-7.8401143e-01
-1.0541189e+00
-4.0840107e-01
-1.8868455e+00
 1.9111617e-01
-1.7399798e+00
 3.7609618e+00
-4.5196405e-01
-2.9996590e+00
-1.4042187e+00
-1.6864780e+00
 2.0217427e+00
-5.6977361e-01
-2.4103251e+00
 3.7054033e-02
-1.1958823e+00
-7.6603806e-01
 8.2760408e-01
 7.5147001e-01
-2.1178563e+00
 1.2033208e+00
-1.2190770e+00
-3.3023194e+00
 4.8926102e-01
 3.1717589e-01
-1.2294596e+00
-3.2124174e+00
-2.0630410e+00
-4.5160461e+00
-1.4323430e-01
 2.5055446e+00
 2.5058804e+00
-7.6994428e-01
 1.1242445e+00
 1.6910991e+00
-2.6916897e+00
 3.2506876e+00
-2.7574097e+00
 3.0461873e+00
-1.4854253e+00
-1.0972916e+00
-2.9674190e+00
-1.0165495e+00
-2.2576415e+00
-9.0252025e-01
-4.4498790e+00
-5.8237615e-02
 1.0161849e+00
-1.1865226e+00
 1.3158617e+00
 1.6400421e+00
-7.0027063e-01
 4.7265865e+00
 1.9041095e+00
 1.6517666e+00
 1.0799536e+00
-5.3172966e-01
-3.7295939e+00
-2.9854338e+00
 2.9319727e+00
-1.2947255e+00
 1.4018326e-01
-1.8416246e+00
 1.2752659e+00
 6.0834281e-01
-2.2995619e+00
 8.1559933e-01
 1.2958411e+00
-1.0175512e+00
-1.9297840e+00
 5.4407243e-01
-3.5939201e+00
 1.7140607e+00
 7.2383318e-02
-2.4306551e+00
 7.3450407e-02
 8.3280101e-01
-3.4696318e+00
-1.2565418e+00
-2.0420516e+00
 7.5690688e-01
 5.2985669e+00
 7.8504035e-01
 2.1591798e+00
-1.0471766e+00
 1.1693926e+00
 3.8383573e-01
-8.1501369e-01
-9.5651682e-01
 1.9298197e+00
 2.1117714e+00
 2.5539368e-01
 5.1555392e-01
 1.2313617e-01
-8.8884803e-02
-3.9910851e-01
 5.1914240e-01
-1.7068484e+00
-4.3120244e+00
 5.7638253e-01
-3.5429644e+00
 3.1423049e+00
 1.4122657e+00
-2.1944123e+00
-1.3712447e+00
-1.1811156e+00
 8.2787243e-02
 2.5825434e+00
-2.2881006e+00
 2.0640575e-01
 9.1581453e-01
-4.0095020e+00
-4.3614485e+00
-1.1564401e+00
 1.3422478e+00
 3.9444930e-01
-3.7773173e-01
 1.0472139e+00
-2.5579936e+00
-1.7627882e+00
 2.5219353e-01
 2.3332406e+00
-4.4376009e+00
-2.9154857e-01
-1.3350100e+00
-2.9673015e+00
-2.5673990e+00
 1.3146007e-01
 9.5493817e-01
 3.1926844e-01
 2.1203892e-01
-3.6280328e+00
 2.8033746e-01
 2.3720183e+00
 2.5002368e+00
 3.2679440e+00
 4.0910326e+00
 7.9309968e-01
 1.2970795e-01
-4.4682272e-02
 8.4654355e-01
-2.3452160e-01
 1.4261381e+00
 1.3117701e+00
 5.3992807e-01
 1.9662890e+00
-5.8146580e+00
 1.6435615e+00
-4.5940592e-01
 1.9344127e+00
-8.9276363e-01
-1.6167124e+00
-1.3238802e-01
-2.3907811e+00
 1.2863062e+00
-3.5015489e-01
-2.3282085e+00
-1.9801435e+00
 4.3424846e-01
 2.3986800e+00
-2.2004518e-01
 1.8939847e+00
 2.8917066e+00
 1.8216123e+00
 1.0932216e+00
 2.0600230e+00
 1.5325496e+00
 1.7361883e-02
 5.2690950e-01
-1.9721865e+00
 4.3574349e+00
-1.0787159e+00
 2.2208413e+00
 5.1784002e-01
 1.5394552e+00
-2.0319445e-01
 4.0365983e-01
-3.3818637e+00
 2.6351957e+00
 6.9500929e-01
-1.6651923e+00
-1.1009900e+00
 2.2308174e+00
-1.0836193e+00
-9.7993282e-01
-1.1092084e-01
 3.2402239e+00
 1.5817205e+00
 1.0618441e+00
 2.5289907e+00
 1.0571333e+00
 2.0930421e+00
-1.0217908e+00
 1.1819191e+00
-2.9413274e+00
-2.6379704e+00
 1.4175389e+00
 1.4420484e-01
-2.3558382e+00
-1.8781978e+00
 9.3732399e-01
 5.1304731e+00
 1.6294851e+00
-5.0796937e-01
 4.8391454e-02
-1.1889003e+00
-2.6216267e+00
 1.0403524e+00
 1.6952088e+00
-3.9430015e-01
-1.8695692e+00
-2.8786733e-01
-7.4737043e-01
 1.5111544e+00
 1.3841969e+00
 5.1590698e+00
-2.1022032e+00
-2.4791760e+00
-9.7113912e-01
 1.0061746e+00
 2.6001492e+00
 1.4089342e+00
-2.1457954e+00
-1.2685149e+00
 1.2758184e+00
