 4.8336837e-01
 6.3708501e-01
 9.5827774e-01
 6.1371637e-02
 3.0981795e-01
 7.2846328e-01
 2.4729431e-01
 6.8285580e-01
 8.1805868e-01
 8.7764194e-01
 9.8817800e-01
 6.3089604e-01
 2.4833635e-01
 2.6508558e-01
 9.3023735e-02
 7.4909179e-01
 8.4708070e-01
 4.7252822e-01
 8.3068344e-02
 3.7352066e-01
 9.4651935e-01
 2.4789742e-01
 4.2584781e-01
 5.4831974e-01
 8.2411931e-01
 3.8034514e-01
 2.6583141e-01
 2.0730426e-01
 6.7844123e-01
 6.3075405e-02
 3.0868969e-01
 6.0604007e-01
 6.9862981e-01
 5.8478651e-01
 7.8217683e-01
 7.6623624e-01
 5.7463960e-01
 8.7009655e-01
 2.8772562e-01
 7.3274397e-01
 2.5412288e-01
 5.2108086e-01
 6.2085128e-01
 1.6711689e-01
 6.3725274e-01
 3.5841868e-01
 6.9323867e-01
 1.0108385e-01
 7.2027038e-01
 3.8592412e-02
 1.3071439e-01
 7.6527959e-01
 6.8139251e-01
 6.0491229e-01
 7.7415396e-02
 7.4420380e-01
 7.6739723e-01
 5.5168396e-01
 9.5499494e-01
 6.6639270e-01
 2.4523974e-01
 8.2799456e-01
 9.0886112e-01
 5.6831987e-01
 1.4727392e-01
 7.8740495e-01
 6.2437946e-01
 7.7575795e-02
 5.1721226e-01
 2.9291312e-01
 5.2341359e-01
 9.6017816e-01
 7.2408721e-01
 8.6849773e-01
 2.1365106e-01
 8.8084197e-01
 3.7931805e-01
 5.9294463e-01
 9.5145933e-02
 2.4005645e-01
 8.5494948e-01
 6.8298965e-01
 8.7553441e-02
 8.1555076e-01
 4.5050263e-01
 8.5491595e-01
 5.6914572e-01
 9.5322140e-01
 1.9666292e-01
 9.7251018e-01
 7.4070611e-01
 1.2504752e-01
 1.5231774e-01
 9.4372585e-01
 1.3264064e-01
 3.9400361e-01
 2.7332684e-01
 2.2859701e-01
 8.4241946e-01
 6.6582876e-02
 2.2596237e-01
 2.0240575e-01
 7.5561101e-01
 6.6910409e-02
 2.5970755e-01
 1.4947093e-01
 8.9464481e-01
 7.0544848e-01
 7.4512723e-01
 8.1042919e-01
 6.7889605e-01
 7.0694412e-01
 4.9639044e-02
 1.2445595e-01
 4.9793858e-01
 7.5014478e-01
 3.8062312e-01
 7.1863196e-01
 4.3422074e-01
 5.2208235e-01
 2.9699036e-01
 5.4446934e-01
 6.5828559e-01
 5.5531494e-01
 6.3823205e-01
 7.3610446e-01
 3.0732071e-02
 1.9938857e-01
 7.0578978e-01
 7.4308917e-01
 6.6292236e-01
 8.4529839e-01
 4.3188278e-01
 2.4753056e-01
 1.5886599e-01
 1.9744369e-01
 6.9288857e-01
 7.1213089e-01
 3.5692644e-01
 6.1687573e-01
 3.3680508e-01
 8.2251751e-01
 9.9199078e-02
 2.8079369e-01
 9.0331065e-01
 8.9057172e-01
 7.8130987e-01
 9.0400835e-01
 3.6593685e-01
 5.6729888e-01
 9.7175054e-02
 1.9917330e-02
 9.3462647e-01
 4.3299509e-01
 2.2479322e-01
 9.0133773e-01
 7.3149525e-01
 2.2418149e-01
 4.9303944e-01
 8.8226540e-01
 3.0223658e-01
 5.0309147e-01
 4.3701707e-01
 6.7795380e-01
 8.0063865e-01
 4.9823662e-01
 2.8540434e-01
 1.8496987e-01
 4.2792048e-01
 6.2156278e-01
 9.8144452e-01
 1.4837851e-01
 6.9425407e-02
 5.6441254e-01
 9.9904963e-01
 6.8998215e-01
 9.6109926e-01
 8.4340183e-01
 7.7313823e-01
 4.9492517e-01
 6.8624851e-01
 5.1431688e-01
 1.8473571e-01
 5.6167408e-01
 8.3532061e-01
 1.0690215e-01
 5.8381496e-01
 6.9097258e-01
 9.6402753e-01
 1.7896384e-01
 4.1369287e-01
 4.1092357e-01
 7.7083296e-01
 4.6985879e-01
 3.9392195e-01
 7.3070413e-02
 9.8251868e-01
 6.8879295e-01
 6.1108426e-01
 7.1274586e-01
 7.8905588e-01
 7.5485471e-01
 8.6178844e-01
 4.4443553e-01
 3.8498227e-01
 7.5970424e-01
 5.5856210e-01
 7.3908238e-01
 3.2951680e-01
 2.1418227e-02
 3.0351078e-01
 4.2632092e-01
 4.2619475e-01
 2.0474441e-01
 3.2247580e-01
 1.4640854e-01
 9.5456451e-01
 2.3804623e-01
 4.1682387e-01
 6.9484616e-01
 7.6019193e-01
 4.9971549e-01
 7.2525339e-02
 2.1140171e-01
 6.9058568e-01
 8.3604241e-01
 5.9412746e-01
 7.2639693e-01
 2.7984794e-01
 3.6673495e-02
 3.3110013e-01
 5.4677782e-01
 8.3851640e-01
 2.6228385e-01
 8.8906621e-01
 4.1309786e-01
 3.7556868e-01
 3.3559346e-02
 7.0830727e-01
 9.1382390e-01
 4.4647203e-01
 2.4528739e-01
 5.0351253e-01
 7.8110281e-01
 6.4468854e-02
 2.6748625e-01
 4.5709936e-01
 6.2104017e-01
 7.4427074e-01
 8.9408512e-02
 3.0235769e-01
 6.1094034e-01
 3.5374671e-01
 1.4537827e-01
 1.2069399e-02
 4.0940569e-01
 2.2407645e-01
 5.8029197e-01
 1.2748811e-03
 1.1225123e-01
 1.5387548e-01
 2.3535377e-01
 5.4328388e-01
 6.0974299e-01
 6.9682088e-01
 4.9355177e-01
 4.2901019e-01
 3.7231174e-01
 8.0663543e-01
 8.9127079e-01
 7.3643252e-01
 8.3394380e-01
 9.8048644e-01
 5.6250612e-01
 4.1575113e-01
 6.0244498e-01
 4.1976116e-01
 4.0680030e-01
 8.4957833e-01
 6.7918432e-01
 9.3331014e-01
 2.6610970e-01
 7.1160064e-01
 6.1181166e-01
 7.3195504e-01
 8.4564626e-01
 5.5268905e-01
 1.3734548e-01
 4.3597818e-02
 3.8754446e-02
 3.0483803e-01
 1.3135227e-01
 3.0727187e-03
 9.8104599e-02
 2.6283376e-01
 4.7811637e-01
 7.0450836e-02
 3.3417460e-01
 5.0754929e-01
 8.7591349e-01
 1.6292374e-01
 4.7035605e-01
 9.1287380e-02
 7.2155908e-01
 1.7746362e-01
 4.4209903e-02
 1.4830941e-01
 3.2475437e-01
 1.7243419e-01
 4.7971633e-01
 4.0405096e-01
 1.3866891e-01
 5.5491115e-01
 4.1830546e-01
 2.1247228e-02
 2.9992377e-02
 6.6057983e-02
 7.2912864e-01
 3.8145709e-02
 3.2472013e-01
 3.7679833e-01
 3.7412401e-02
 1.6088388e-01
 9.8032521e-01
 5.7639132e-01
 2.3829758e-02
 3.9204750e-02
 9.5185512e-02
 2.6228158e-01
 5.4022706e-02
 7.3698809e-01
 2.5664331e-01
 4.8352803e-01
 9.0313918e-02
 6.6002261e-01
 1.6684634e-01
 2.3738962e-01
 6.3133825e-01
 5.7386499e-02
 3.7972695e-03
 9.0035807e-02
 7.7648136e-01
 8.4046246e-01
 9.2039257e-02
 3.8446750e-01
 8.6483049e-01
 5.6091508e-01
 3.4012145e-01
 5.3150904e-01
 6.9124849e-01
 3.8779425e-01
 9.6684906e-01
 6.2730889e-01
 3.2427112e-02
 7.7160740e-01
 7.7362280e-01
 5.8275586e-01
 9.1341746e-01
 8.6480000e-01
 3.0580895e-01
 8.8819045e-01
 1.9280919e-01
 6.8910517e-02
 9.7934965e-01
 4.0389759e-01
 2.7572317e-01
 2.2470564e-01
 6.2844003e-01
 8.4974410e-01
 8.9827575e-01
 4.8667295e-01
 3.4087416e-01
 2.1588235e-01
 7.3904875e-01
 2.8647747e-01
 1.5968086e-01
 7.1822979e-01
 2.0078352e-01
 3.2157125e-01
 6.9770473e-02
 9.3250506e-01
 8.2804020e-01
 8.9605573e-01
 8.0110567e-01
 4.5060853e-01
 5.7883690e-01
 2.9093073e-01
 4.9168812e-01
 6.5941446e-01
 6.5409488e-01
 7.9819672e-01
 7.0924997e-01
 7.1088848e-01
 7.5977989e-01
 9.2346842e-01
 1.8398475e-01
 7.9402767e-01
 3.0235015e-01
 2.6126132e-01
 6.5520417e-01
 6.6247193e-02
 4.1703602e-01
 1.8495170e-01
 4.4455907e-01
 6.6875623e-01
 7.9978786e-02
 8.6904947e-01
 6.6802994e-01
 5.3352718e-01
 4.0528893e-01
 5.3851506e-02
 2.4806867e-01
 7.9867253e-01
 5.0096028e-01
 7.5534876e-01
 6.4476214e-02
 3.0262004e-01
 2.3759064e-01
 3.8561230e-02
 8.2125839e-01
 8.8389726e-01
 9.8364328e-01
 8.8202973e-01
 8.0142851e-01
 9.8767607e-01
 1.1506265e-01
 4.6239506e-01
 8.8021725e-01
 7.5957550e-01
 2.2144890e-01
 6.9209968e-01
 4.5719678e-01
 3.4384630e-01
 5.0933970e-01
 3.3980841e-01
 5.0825648e-01
 5.7155706e-01
 9.2192227e-01
 6.2816985e-01
 7.3655329e-01
 6.6165001e-01
 3.9632029e-01
 8.9985489e-01
 3.4921192e-01
 8.1237504e-02
 3.2858607e-01
 6.2672077e-01
 3.6771725e-01
 2.9650728e-01
 3.1885940e-01
 6.5446129e-01
 9.0234689e-02
 5.0248138e-01
 5.8395676e-01
 7.7527201e-02
 8.7349117e-03
 3.5161032e-01
 1.1335802e-01
 1.1164839e-01
 1.6238252e-01
 6.8310831e-01
 1.9759589e-01
 2.7943579e-02
 9.1954489e-02
 5.8856955e-02
 2.3285298e-01
 7.6355977e-01
 7.7523353e-01
 7.3860126e-01
 5.4121271e-01
 7.2870807e-01
 5.8278844e-01
 3.1112781e-01
 5.4940010e-01
 4.5689239e-01
 9.6177744e-01
 8.1986691e-01
 9.8346251e-01
 8.3998272e-02
 6.7353865e-01
 6.3029543e-01
 2.2836297e-01
 3.2470132e-01
 5.9309916e-01
 3.6561077e-02
 2.4923115e-01
 4.2662500e-01
 5.1602519e-01
 2.3807679e-01
 9.2968388e-01
 6.3244030e-01
 4.7928250e-01
 5.5936535e-01
 7.8446302e-01
 7.5245997e-01
 5.4752931e-01
 4.8177067e-01
 1.9976125e-01
 1.6217961e-01
 1.0866418e-01
 2.0195827e-01
 5.6481371e-01
 6.8036448e-01
 2.2886919e-01
 1.1910245e-01
 1.7407694e-01
 2.9097426e-01
 7.2355937e-01
 3.1787214e-01
 6.0900240e-01
 2.7564418e-01
 1.7924843e-01
 6.1766618e-01
 3.6764558e-01
 1.4257916e-01
 3.9022951e-01
 6.2493118e-01
 5.3541002e-01
 8.6590529e-01
 1.0278942e-01
 7.8654491e-01
 1.1879924e-01
 7.8520611e-01
 9.0943074e-02
 7.2035632e-01
 1.5428371e-01
 2.2522739e-01
 1.8227935e-01
 8.9942614e-01
 9.0016406e-01
 4.1840950e-01
 8.6685746e-02
 8.4923657e-02
 8.1636562e-01
 5.1823309e-01
 9.3518152e-01
 3.3692906e-01
 5.3756771e-01
 2.4650552e-01
 5.3544702e-02
 7.3709206e-01
 4.0119439e-01
 4.2679528e-02
 5.6224275e-01
 6.8643506e-01
 3.4722838e-02
 7.7266437e-01
 7.4112919e-01
 3.6457719e-01
 9.1763313e-01
 6.8822131e-01
 1.4019196e-01
 6.6300615e-01
 9.1575533e-01
 6.0665738e-01
 3.4686232e-01
 4.7809814e-01
 8.7402399e-01
 3.6145589e-01
 6.2107775e-01
 6.9098165e-01
 6.4614665e-01
 8.5489925e-01
 7.8009148e-01
 4.2182076e-01
 1.7639877e-01
 2.5357525e-02
 1.6727416e-01
 2.7419243e-01
 2.1127724e-02
 5.3770182e-01
 8.5734110e-03
 1.5481576e-01
 6.3338808e-01
 1.9080431e-01
 6.4431307e-01
 4.9440712e-01
 6.1778094e-01
 2.6149638e-01
 5.7350109e-01
 8.0330030e-01
 9.2203319e-02
 9.3672868e-02
 5.3183474e-02
 8.2787545e-01
 1.6319771e-01
 7.2949507e-01
 7.0566614e-01
 9.0583129e-02
 7.8468992e-01
 3.0361433e-02
 7.7828929e-01
 9.2263313e-01
 5.8100927e-01
 4.3247293e-01
 2.7579223e-01
 7.1871201e-01
 5.6021835e-01
 9.1878518e-01
 3.3258159e-01
 3.4386469e-01
 6.6553451e-01
 7.5654452e-01
 2.7572629e-01
 3.6249375e-01
 4.9198705e-01
 3.1373274e-01
 9.6587528e-01
 1.4137265e-01
 9.4197368e-02
 3.4889336e-02
 6.5377465e-01
 5.5303526e-01
 4.2534933e-01
 8.6251929e-01
 8.8029148e-02
 5.7977491e-01
 6.7844750e-02
 9.7318065e-01
 6.0307219e-02
 8.2200426e-01
 6.3579301e-01
 2.6344662e-01
 4.5072300e-01
 4.8815547e-01
 2.5912716e-01
 8.7630771e-01
 6.3653536e-01
 2.9677938e-01
 7.1972960e-01
 3.5325517e-01
 9.9016359e-01
 1.5202162e-01
 1.9811628e-01
 6.3629591e-01
 5.6619822e-01
 3.0649485e-01
 2.7080078e-01
 6.5437756e-01
 6.3771091e-01
 6.5554771e-02
 8.0346603e-02
 6.0573833e-01
 7.2159505e-02
 6.9666860e-01
 4.4516752e-01
 3.8679378e-02
 6.4030092e-01
 2.8180174e-01
 5.9421215e-01
 1.1412355e-01
 3.4586611e-01
 6.4549143e-02
 7.5322704e-01
 3.5846053e-01
 5.7134019e-01
 7.7783470e-02
 2.9735085e-01
 6.0086388e-01
 9.5922895e-01
 5.9291410e-01
 6.5071651e-01
 2.0720236e-01
 4.6933269e-01
 6.3172487e-01
 3.5584791e-01
 6.5532042e-01
 6.9030676e-02
 1.5909282e-02
 6.7944559e-01
 5.4270064e-01
 3.9435255e-01
 8.6787182e-01
 1.0483121e-01
 5.3970726e-01
 5.8166388e-01
 5.6349211e-01
 9.6999824e-01
 9.0985505e-02
 8.6947393e-01
 6.9904225e-01
 1.4273327e-01
 2.6331891e-01
 8.3252100e-01
 9.0367415e-01
 8.9008047e-01
 4.1153625e-01
 3.1946932e-01
 8.6775375e-01
 2.9925994e-01
 5.2415841e-01
 5.8167055e-01
 5.3417452e-01
 1.8516783e-02
 4.5119486e-01
 5.4346864e-01
 2.4725442e-02
 5.1053910e-02
 8.1447800e-01
 2.1242728e-01
 7.0263111e-01
 9.9771194e-01
 3.0744418e-01
 6.2399253e-01
 2.5307617e-01
 8.9952048e-01
 1.4679819e-01
 8.6565918e-01
 3.9802708e-01
 8.4532083e-01
 7.0629687e-01
 5.4986222e-01
 4.3770675e-01
 7.0501785e-01
 6.1026576e-01
 9.1706466e-01
 5.3116311e-01
 4.4230741e-01
 4.5976814e-01
 6.8059915e-01
 5.7853495e-01
 1.1256776e-01
 9.2731660e-01
 8.3333231e-01
 4.4275904e-01
 4.5630916e-01
 1.2620793e-01
 3.5015507e-01
 3.8919813e-01
 3.0151716e-01
 7.1469144e-01
 6.9657493e-01
 8.3499430e-01
 4.3529202e-01
 2.3294196e-01
 2.3876579e-01
 3.7923349e-01
 3.0654872e-01
 3.0081047e-01
 2.5962468e-01
 9.6623183e-01
 3.3836103e-01
 9.8771877e-01
 8.4897284e-01
 5.3364105e-01
 3.5330298e-01
 4.1337942e-01
 6.9118530e-01
 8.4239698e-01
 6.5572155e-01
 2.2037158e-01
 2.4003784e-01
 3.3220141e-01
 3.8971101e-01
 2.8429124e-01
 6.9663050e-01
 7.2495587e-01
 7.3788566e-01
 6.1565518e-01
 5.1973630e-01
 3.1843048e-01
 2.5022091e-01
 6.2733704e-01
 8.0703308e-01
 4.3903096e-01
 1.8443172e-01
 7.9359560e-03
 5.2616298e-01
 9.8911281e-01
 5.7595569e-01
 3.0105265e-01
 8.9229541e-01
 8.6388161e-02
 4.0649683e-01
 8.9651436e-01
 6.1689311e-01
 9.7203043e-01
 3.0873066e-01
 2.1272827e-01
 1.3257461e-01
 5.4926773e-01
 9.9301619e-01
 3.3372037e-01
 7.5102157e-02
 5.3528587e-01
 2.0142436e-02
 1.3214200e-01
 2.5453077e-01
 1.0997601e-01
 5.6086243e-01
 3.8628306e-01
 4.3932722e-01
 1.7635753e-01
 2.0608517e-01
 5.5101162e-01
 3.9728222e-01
 2.6826070e-01
 6.9994338e-01
 8.0261002e-01
 5.4026573e-01
 3.7002722e-01
 1.1302284e-01
 2.7352143e-01
 2.8172550e-02
 1.7256956e-01
 3.7893790e-01
 4.3333394e-01
 4.7070732e-01
 3.6333850e-01
 7.5131875e-01
 2.1578614e-01
 7.5131247e-01
 4.4692174e-01
 3.6812895e-01
 1.3769477e-01
 7.3635044e-02
 8.2812636e-01
 2.8686279e-01
 6.9610661e-01
 6.7678382e-02
 8.4502397e-01
 2.6960927e-01
 1.4963461e-01
 8.8599233e-01
 1.8427672e-01
 5.5460792e-01
 4.0723007e-01
 3.3016708e-01
 1.9657862e-01
 7.4688892e-01
 1.5105143e-01
 5.7407018e-01
 5.3838758e-01
 6.9822851e-01
 7.2461866e-01
 2.7609120e-01
 7.1884445e-01
 4.1526987e-01
 6.6150079e-01
 4.0018232e-01
 4.2212051e-01
 3.4044434e-01
 3.4592085e-01
 7.9421031e-01
 7.8033025e-01
 4.0918252e-01
 8.4740444e-01
 3.3729382e-01
 9.8378655e-01
 3.7530692e-01
 1.3509522e-01
 5.4338332e-01
 5.9776353e-01
 3.0345510e-01
 1.7513270e-02
 2.4407879e-01
 3.5787315e-02
 4.5826811e-02
 3.3430241e-01
 4.5064752e-01
 2.7971933e-01
 3.8179555e-01
 3.8350989e-01
 4.7719611e-01
 3.0224491e-01
 1.4510685e-01
 1.3788081e-01
 2.7591250e-01
 2.6111538e-01
 6.2323641e-01
 9.7222758e-01
 3.2666706e-02
 5.3775963e-01
 6.3758260e-01
 2.1688259e-01
 3.1028217e-01
 6.3274631e-01
 8.2035265e-02
 8.2093247e-01
 2.2483233e-01
 4.9036812e-01
 5.7655795e-01
 8.6077666e-01
 4.4019035e-01
 1.9430483e-01
 6.9552295e-01
 9.8444048e-01
 9.5750466e-01
 8.4460202e-01
 4.7226364e-01
 4.6615739e-02
 1.1105640e-01
 1.7053221e-02
 8.9776160e-02
 9.3354035e-01
 1.4123116e-01
 6.0351082e-01
 5.2568562e-02
 1.2877495e-01
 3.5868793e-01
 4.2677949e-01
 5.9117780e-01
 2.0840539e-01
 7.4103064e-02
 1.9980310e-01
 2.6939427e-01
 8.1273264e-01
 8.5198469e-01
 7.4647322e-01
 8.0744819e-01
 5.2964967e-01
 7.1384789e-01
 8.3341923e-01
 8.5137518e-01
 3.6252485e-01
 1.0814478e-01
 4.6838076e-01
 6.0775728e-01
 9.5260123e-03
 2.8545941e-01
 7.7065756e-02
 3.7570060e-01
 4.9159805e-01
 5.8859646e-01
 4.4273012e-01
 4.4790915e-01
 4.0466646e-01
 2.9490304e-01
 7.9451882e-01
 3.0391818e-01
 3.6656756e-01
 1.9721534e-01
 8.6280610e-01
 5.1085012e-01
 8.6635078e-01
 9.3335359e-01
 1.1609807e-01
 8.5921098e-01
 5.2614532e-01
 1.2826297e-02
 2.0950530e-01
 1.3045713e-01
 6.2590092e-01
 9.3008675e-01
 5.7104968e-01
 2.8443843e-01
 5.8049526e-01
 4.3469841e-01
 2.7652150e-01
 9.3320571e-01
 7.6649136e-01
 3.2841294e-01
 5.4270590e-01
 5.8089114e-01
 8.5405335e-01
 6.7688504e-01
 3.4765286e-01
 6.2104908e-01
 5.9293642e-01
 8.0877042e-01
 6.8939225e-02
 1.0897826e-01
 6.5455183e-02
 3.0177731e-01
 2.9518415e-01
 8.2952468e-01
 2.3199821e-01
 2.0466792e-01
 7.0307373e-02
 6.1891827e-01
 2.7052549e-01
 2.4412519e-01
 9.5154262e-01
 8.4021765e-01
 3.3499820e-01
 2.0454386e-02
 3.9389400e-01
 6.9274761e-01
 7.5881871e-01
 9.3272125e-02
 4.6432106e-01
 1.7647872e-01
 7.3735396e-01
 3.1213469e-01
 6.4128108e-01
 7.4640790e-01
 3.4917663e-01
 6.4978669e-01
 1.0683604e-01
 5.5850476e-01
 8.7827594e-01
 2.2406255e-01
 1.4127797e-02
 7.7274012e-01
 2.1987919e-01
 5.7515222e-01
 6.5530408e-01
 7.5021798e-01
 9.7270958e-02
 4.0860736e-01
